{
    "loss": 1.9086925983428955,
    "categorical_accuracy": 0.3182521164417267,
    "auc": 0.7655493021011353,
    "precision": 0.7927400469779968,
    "recall": 0.052358854562044144
}