{
    "loss": 1.7410937547683716,
    "categorical_accuracy": 0.3865429162979126,
    "auc": 0.8123359680175781,
    "precision": 0.8024553656578064,
    "recall": 0.11121422797441483
}