{
    "loss": 1.7100021839141846,
    "categorical_accuracy": 0.3940448462963104,
    "auc": 0.8221458792686462,
    "precision": 0.7903726696968079,
    "recall": 0.1180974468588829
}