{
    "loss": 1.7369484901428223,
    "categorical_accuracy": 0.3892498016357422,
    "auc": 0.8134515285491943,
    "precision": 0.7756959199905396,
    "recall": 0.11206496506929398
}