{
    "loss": 1.9601125717163086,
    "categorical_accuracy": 0.2965197265148163,
    "auc": 0.7456799149513245,
    "precision": 0.7410714030265808,
    "recall": 0.051353443413972855
}