{
    "loss": 1.8314173221588135,
    "categorical_accuracy": 0.3396751880645752,
    "auc": 0.787695050239563,
    "precision": 0.8108539581298828,
    "recall": 0.0785769522190094
}