{
    "loss": 1.7861429452896118,
    "categorical_accuracy": 0.36125290393829346,
    "auc": 0.7995824217796326,
    "precision": 0.7807453274726868,
    "recall": 0.09721577912569046
}