{
    "loss": 1.9265162944793701,
    "categorical_accuracy": 0.3023201823234558,
    "auc": 0.7549169063568115,
    "precision": 0.7440719604492188,
    "recall": 0.07037896662950516
}