{
    "loss": 1.8599445819854736,
    "categorical_accuracy": 0.3316318690776825,
    "auc": 0.7765755653381348,
    "precision": 0.7578181624412537,
    "recall": 0.08058778196573257
}