{
    "loss": 1.8245545625686646,
    "categorical_accuracy": 0.35096675157546997,
    "auc": 0.7899124622344971,
    "precision": 0.7748201489448547,
    "recall": 0.08329465985298157
}