{
    "loss": 1.4809788465499878,
    "categorical_accuracy": 0.48205724358558655,
    "auc": 0.8683968186378479,
    "precision": 0.7478792667388916,
    "recall": 0.29319411516189575
}