{
    "loss": 1.4238941669464111,
    "categorical_accuracy": 0.5187161564826965,
    "auc": 0.8805258870124817,
    "precision": 0.7124942541122437,
    "recall": 0.36032482981681824
}