{
    "loss": 1.3857992887496948,
    "categorical_accuracy": 0.5234338641166687,
    "auc": 0.8863104581832886,
    "precision": 0.7333648204803467,
    "recall": 0.36055684089660645
}