{
    "loss": 1.330992579460144,
    "categorical_accuracy": 0.5499613285064697,
    "auc": 0.8955070376396179,
    "precision": 0.7458702325820923,
    "recall": 0.3911059498786926
}