{
    "loss": 1.8364920616149902,
    "categorical_accuracy": 0.3470224142074585,
    "auc": 0.7837123870849609,
    "precision": 0.7295864224433899,
    "recall": 0.10641918331384659
}