{
    "loss": 1.3496065139770508,
    "categorical_accuracy": 0.5482598543167114,
    "auc": 0.8960740566253662,
    "precision": 0.7089723944664001,
    "recall": 0.4290023148059845
}