{
    "loss": 1.478141188621521,
    "categorical_accuracy": 0.5019335150718689,
    "auc": 0.873478353023529,
    "precision": 0.6918737888336182,
    "recall": 0.35096675157546997
}