{
    "loss": 1.710951566696167,
    "categorical_accuracy": 0.45421499013900757,
    "auc": 0.8419426083564758,
    "precision": 0.6146216988563538,
    "recall": 0.3354988396167755
}