{
    "loss": 1.5652285814285278,
    "categorical_accuracy": 0.5067285299301147,
    "auc": 0.870021402835846,
    "precision": 0.6451175808906555,
    "recall": 0.40518173575401306
}