{
    "loss": 1.6353565454483032,
    "categorical_accuracy": 0.42691415548324585,
    "auc": 0.8358588814735413,
    "precision": 0.7539806365966797,
    "recall": 0.18677493929862976
}