{
    "loss": 1.5481036901474,
    "categorical_accuracy": 0.4621809720993042,
    "auc": 0.8559218645095825,
    "precision": 0.7949253916740417,
    "recall": 0.2059551477432251
}