{
    "loss": 1.6057361364364624,
    "categorical_accuracy": 0.43495747447013855,
    "auc": 0.8431819081306458,
    "precision": 0.760640025138855,
    "recall": 0.18383604288101196
}