{
    "loss": 1.613231897354126,
    "categorical_accuracy": 0.4301624000072479,
    "auc": 0.8408417701721191,
    "precision": 0.7684478163719177,
    "recall": 0.18685227632522583
}