{
    "loss": 1.6387412548065186,
    "categorical_accuracy": 0.4211136996746063,
    "auc": 0.8347450494766235,
    "precision": 0.7814381718635559,
    "recall": 0.17061097919940948
}