{
    "loss": 1.6465953588485718,
    "categorical_accuracy": 0.4121423065662384,
    "auc": 0.8331388235092163,
    "precision": 0.7595368027687073,
    "recall": 0.17246712744235992
}