{
    "loss": 1.715624213218689,
    "categorical_accuracy": 0.5248259902000427,
    "auc": 0.8712971210479736,
    "precision": 0.5989598631858826,
    "recall": 0.47208043932914734
}