{
    "loss": 1.873011827468872,
    "categorical_accuracy": 0.5136891007423401,
    "auc": 0.8624956011772156,
    "precision": 0.571831226348877,
    "recall": 0.4706883132457733
}