{
    "loss": 1.951617956161499,
    "categorical_accuracy": 0.527223527431488,
    "auc": 0.8606745600700378,
    "precision": 0.5748535394668579,
    "recall": 0.49327147006988525
}