{
    "loss": 1.6932783126831055,
    "categorical_accuracy": 0.5396751761436462,
    "auc": 0.877016007900238,
    "precision": 0.6063849925994873,
    "recall": 0.49064192175865173
}