{
    "loss": 1.7989933490753174,
    "categorical_accuracy": 0.5543696880340576,
    "auc": 0.8770670294761658,
    "precision": 0.6029861569404602,
    "recall": 0.5184841156005859
}