{
    "loss": 2.009495496749878,
    "categorical_accuracy": 0.3746326267719269,
    "auc": 0.7897387742996216,
    "precision": 0.49624398350715637,
    "recall": 0.255452424287796
}