{
    "loss": 2.0067925453186035,
    "categorical_accuracy": 0.5717710852622986,
    "auc": 0.8739875555038452,
    "precision": 0.6041932106018066,
    "recall": 0.5505027174949646
}