{
    "loss": 2.205883264541626,
    "categorical_accuracy": 0.5166279673576355,
    "auc": 0.8490667343139648,
    "precision": 0.554743230342865,
    "recall": 0.487084299325943
}