{
    "loss": 1.4266403913497925,
    "categorical_accuracy": 0.5127609968185425,
    "auc": 0.8787906169891357,
    "precision": 0.7417848110198975,
    "recall": 0.34392884373664856
}