{
    "loss": 1.3249963521957397,
    "categorical_accuracy": 0.5614075660705566,
    "auc": 0.8988993167877197,
    "precision": 0.7236155271530151,
    "recall": 0.43959784507751465
}