{
    "loss": 1.367112159729004,
    "categorical_accuracy": 0.5377416610717773,
    "auc": 0.8912253379821777,
    "precision": 0.7165354490280151,
    "recall": 0.4011600911617279
}