{
    "loss": 1.41798734664917,
    "categorical_accuracy": 0.5294663310050964,
    "auc": 0.8854570388793945,
    "precision": 0.6861854195594788,
    "recall": 0.4087393581867218
}