{
    "loss": 1.8081730604171753,
    "categorical_accuracy": 0.3594740927219391,
    "auc": 0.7938574552536011,
    "precision": 0.6541609764099121,
    "recall": 0.1483372002840042
}