{
    "loss": 1.3703762292861938,
    "categorical_accuracy": 0.5675173997879028,
    "auc": 0.8993840217590332,
    "precision": 0.6859786510467529,
    "recall": 0.4816705286502838
}