{
    "loss": 1.506653904914856,
    "categorical_accuracy": 0.5078886151313782,
    "auc": 0.8757250905036926,
    "precision": 0.6568775177001953,
    "recall": 0.4047950506210327
}