{
    "loss": 1.5901217460632324,
    "categorical_accuracy": 0.5274555087089539,
    "auc": 0.876720666885376,
    "precision": 0.6319331526756287,
    "recall": 0.4502706825733185
}