{
    "loss": 1.773539662361145,
    "categorical_accuracy": 0.46643465757369995,
    "auc": 0.8471828103065491,
    "precision": 0.5828476548194885,
    "recall": 0.3789636492729187
}