{
    "loss": 1.6327730417251587,
    "categorical_accuracy": 0.43054911494255066,
    "auc": 0.8365989923477173,
    "precision": 0.7163951396942139,
    "recall": 0.2176334112882614
}