{
    "loss": 2.0144009590148926,
    "categorical_accuracy": 0.2648105323314667,
    "auc": 0.7255683541297913,
    "precision": 0.7811965942382812,
    "recall": 0.035344161093235016
}