{
    "loss": 1.8344264030456543,
    "categorical_accuracy": 0.3494972884654999,
    "auc": 0.788715660572052,
    "precision": 0.8086642622947693,
    "recall": 0.0692962110042572
}