{
    "loss": 1.8382576704025269,
    "categorical_accuracy": 0.34887856245040894,
    "auc": 0.7871006727218628,
    "precision": 0.8061135411262512,
    "recall": 0.07138437777757645
}