{
    "loss": 1.812580943107605,
    "categorical_accuracy": 0.3582366704940796,
    "auc": 0.7963054180145264,
    "precision": 0.798561155796051,
    "recall": 0.07726217806339264
}