{
    "loss": 2.0194272994995117,
    "categorical_accuracy": 0.2627996802330017,
    "auc": 0.7235956788063049,
    "precision": 0.7601810097694397,
    "recall": 0.03897911682724953
}