{
    "loss": 1.8849611282348633,
    "categorical_accuracy": 0.32204174995422363,
    "auc": 0.7727359533309937,
    "precision": 0.7998065948486328,
    "recall": 0.06395978480577469
}