{
    "loss": 1.961768388748169,
    "categorical_accuracy": 0.2886310815811157,
    "auc": 0.745303213596344,
    "precision": 0.791979968547821,
    "recall": 0.04887857660651207
}