{
    "loss": 2.010340452194214,
    "categorical_accuracy": 0.27006959915161133,
    "auc": 0.7271472215652466,
    "precision": 0.7801932096481323,
    "recall": 0.04996132850646973
}