{
    "loss": 1.997440218925476,
    "categorical_accuracy": 0.2737818956375122,
    "auc": 0.7278831005096436,
    "precision": 0.7827627062797546,
    "recall": 0.05127610266208649
}