{
    "loss": 1.8718453645706177,
    "categorical_accuracy": 0.33488011360168457,
    "auc": 0.7779548764228821,
    "precision": 0.7600334286689758,
    "recall": 0.07030162215232849
}