{
    "loss": 1.9325034618377686,
    "categorical_accuracy": 0.31020882725715637,
    "auc": 0.7590016722679138,
    "precision": 0.7366310358047485,
    "recall": 0.04261407628655434
}