{
    "loss": 1.8624866008758545,
    "categorical_accuracy": 0.35204949975013733,
    "auc": 0.7858615517616272,
    "precision": 0.7769516706466675,
    "recall": 0.04849188029766083
}