{
    "loss": 1.8966286182403564,
    "categorical_accuracy": 0.337432324886322,
    "auc": 0.7744807600975037,
    "precision": 0.7880055904388428,
    "recall": 0.04369682818651199
}