{
    "loss": 1.8845033645629883,
    "categorical_accuracy": 0.3348027765750885,
    "auc": 0.7779808044433594,
    "precision": 0.7673830389976501,
    "recall": 0.04694508761167526
}