{
    "loss": 2.0048294067382812,
    "categorical_accuracy": 0.28167054057121277,
    "auc": 0.7335497736930847,
    "precision": 0.5962825417518616,
    "recall": 0.06202629581093788
}