{
    "loss": 1.8175830841064453,
    "categorical_accuracy": 0.3582366704940796,
    "auc": 0.792521595954895,
    "precision": 0.7566539645195007,
    "recall": 0.07695282250642776
}