{
    "loss": 1.8692609071731567,
    "categorical_accuracy": 0.34029388427734375,
    "auc": 0.7782038450241089,
    "precision": 0.759782612323761,
    "recall": 0.054060325026512146
}