{
    "loss": 1.8476793766021729,
    "categorical_accuracy": 0.34880122542381287,
    "auc": 0.7842624187469482,
    "precision": 0.6927335858345032,
    "recall": 0.07741685956716537
}