{
    "loss": 1.9257646799087524,
    "categorical_accuracy": 0.31415313482284546,
    "auc": 0.7600349187850952,
    "precision": 0.6890080571174622,
    "recall": 0.059628769755363464
}