{
    "loss": 1.9518656730651855,
    "categorical_accuracy": 0.3030935823917389,
    "auc": 0.7522673010826111,
    "precision": 0.7385203838348389,
    "recall": 0.04477958381175995
}